[sie][Equalizer#0]
bypass=true
numBands=6

[sie][Equalizer#0#left]
band0Frequency=41.62277660168379
band0Gain=3.61
band0Q=0.9624752955742645
band10Type=0
band11Type=0
band12Type=0
band13Type=0
band14Type=0
band15Type=0
band16Type=0
band17Type=0
band18Type=0
band19Type=0
band1Frequency=131.62277660168377
band1Gain=26.19
band1Q=0.9624752955742646
band20Type=0
band21Type=0
band22Type=0
band23Type=0
band24Type=0
band25Type=0
band26Type=0
band27Type=0
band28Type=0
band29Type=0
band2Frequency=416.2277660168378
band2Gain=9.16
band2Q=0.9624752955742646
band30Type=0
band31Type=0
band3Frequency=1316.2277660168372
band3Gain=1.94
band3Q=0.9624752955742645
band4Frequency=4162.277660168376
band4Gain=24.52
band4Q=0.9624752955742644
band5Frequency=13162.277660168369
band5Q=0.9624752955742644
band6Type=0
band7Type=0
band8Type=0
band9Type=0

[sie][Equalizer#0#right]
band0Frequency=41.62277660168379
band0Gain=3.61
band0Q=0.9624752955742645
band10Type=0
band11Type=0
band12Type=0
band13Type=0
band14Type=0
band15Type=0
band16Type=0
band17Type=0
band18Type=0
band19Type=0
band1Frequency=131.62277660168377
band1Gain=26.19
band1Q=0.9624752955742646
band20Type=0
band21Type=0
band22Type=0
band23Type=0
band24Type=0
band25Type=0
band26Type=0
band27Type=0
band28Type=0
band29Type=0
band2Frequency=416.2277660168378
band2Gain=9.16
band2Q=0.9624752955742646
band30Type=0
band31Type=0
band3Frequency=1316.2277660168372
band3Gain=1.94
band3Q=0.9624752955742645
band4Frequency=4162.277660168376
band4Gain=24.52
band4Q=0.9624752955742644
band5Frequency=13162.277660168369
band5Q=0.9624752955742644
band6Type=0
band7Type=0
band8Type=0
band9Type=0
